1025094
1171054
1430101
1430117
1430118
1430122
1430141
1430142
1431056
1431095
1431096
1432078
1432121
1432127
1432134
1440086
1440087
1441053
1441054
1441067
1442043
1451011
1460015
1460022
1460027
1520048
1521033
1521034
1530269
1530304
1530306
1530308
1530310
1530313
1530315
1530317
1530318
1530319
1530321
1531093
1540259
1541140
1550026
1550045
1600335
1600337
1600354
1600357
1600391
1600392
-------
1620011
1624020
1650031
1651028
1683018
1687029
1704085
1704105
1705020
1706007
1710002
1725055
1820005
1821036
1881067
1902044
1910063
1910070
1911021
1912069
1912086
1912088
1912099
1920239
1950603
1950632
1960080
1981103
2030196
2031084
2031085
2038180
2041165
2041265
2130017
2211072
3000352
3000387
3000399
3001078
3001108
3005096
3005198
3005206
3006012
3010084
3010136
3013034
3017043
-------
3020060
3020072
3030014
3030015
3040106
3100055
3101153
3101156
3104045
3104088
3115026
3120059
3122241
3122278
3122281
3130073
3130134
3130136
3130138
3131011
3131026
3211106
3211233
3215073
3215442
3215515
3215566
3216102
3216275
3216311
3217148
3217251
3217254
3220359
3220573
3221147
3221159
3221217
5001117
5001130
5001183
5001189
5001208
5001209
5001224
5004010
5004018
5004034
5005005
-------
5006050
5006095
5012134
5012518
5012555
5012558
5012580
5012583
5013223
5013281
5021373
5022714
5022907
5022964
5023341
5023429
5023735
5023886
5023929
5023966
5023988
5024018
5024470
5024471
5024493
5025079
5025080
5026109
5026133
5026163
5026190
5026191
5028234
5033141
5033155
5035119
5035124
5036053
5036059
5036091
5040148
5040174
5040348
5041056
5041069
5042015
5043034
5044046
5044052
-------
5053067
5054055
5054077
5060109
5060358
5062073
5063019
5063024
5064017
5069316
5069520
5069629
5069636
5069667
5069670
5069706
5069726
5069749
5080119
5090023
5090073
5090074
5090075
5090122
5090410
5090429
5090554
5090586
5090639
5090691
5090729
5090769
5090780
5090793
5090849
5090887
5090888
5090939
5090941
5090954
5090955
5090956
5090957
5090958
5090997
5090998
5091296
5093000
5093003
-------
5100063
5110122
5110130
5110149
5110153
5110170
5120030
5120050
5120073
5120096
5120138
5120158
5120200
5120201
5130054
5130083
5130096
5130112
5130113
5130122
5130123
5130177
5130179
5130193
5130194
5130199
5130202
5130204
5130210
5130211
5130216
5140118
5150048
5150078
5150106
5150113
5150151
5150179
5150228
5150259
5150288
5150291
5150293
5150303
5150344
5150348
5150349
5150350
5150364
-------
5150369
5150370
5150375
5150376
5210402
5211119
5211123
5211136
5211155
5230061
5231242
5240023
5241020
5243510
5243582
5243854
5243864
5243914
5243945
5244008
5244059
5244063
5244080
5244097
5244100
5244104
5244135
5244137
5244139
5244142
5244168
5244170
5244176
5300056
5310002
5310099
5310121
5310150
5310187
5310188
5310216
5310221
5310229
5310232
5310233
5310234
5311052
5311074
5312550
-------
5321223
5343040
5343055
5343057
5343069
5400157
5400170
5400181
5400190
5402010
5402017
5403027
5510150
5510336
5510400
5601352
5602158
5602249
5604132
5608342
5608480
5608594
5608725
5610111
5610151
5700014
5700032
5700080
5700162
5700178
5700218
5700245
5700268
5700316
5700339
5700364
5700472
5700481
5700505
5701020
5701024
5703057
5703097
5703168
5703170
5706164
5706215
5706220
5890192
-------
5912037
5912044
5912066
5912068
5930015
5930140
5940034
6020012
6020027
6020053
6030023
6030173
6030192
6030198
6030205
6030207
6220019
6220028
6220041
