1430101
1432121
1432134
1440086
1441053
1451011
1460015
1460027
1520048
1521034
1530304
1530310
1530315
1530317
1530319
1540259
1550026
1550045
1600335
1600357
1606090
1624020
1651028
1683018
1687029
1725055
1910063
1910070
1912069
1912086
1912088
1920239
1950603
1960080
2030196
2031084
2031085
2130017
3000387
3001078
3001108
3005096
3005198
3005206
3010084
3020048
3020060
3020072
3030014
3030015
-------
3120059
3122241
3122278
3131011
3211106
3215442
3215515
3216102
3216311
3217148
3221217
5001117
5001130
5001183
5004010
5005005
5005015
5006050
5012134
5012518
5013223
5013281
5022964
5023341
5023429
5023735
5023886
5023966
5024018
5024471
5024493
5026109
5026133
5026163
5033155
5036059
5040174
5041056
5044059
5053067
5054055
5054077
5060358
5062073
5063024
5069636
5069670
5069726
5069749
-------
5090639
5090691
5090780
5090849
5090887
5090941
5090954
5090957
5091296
5093060
5110122
5110153
5120050
5130096
5130122
5130123
5130193
5130216
5140118
5150048
5150078
5150179
5150228
5150288
5150291
5150349
5150370
5211119
5211123
5231242
5243510
5243914
5243945
5244008
5244063
5244100
5244135
5244168
5310099
5310187
5310188
5310216
5310229
5310233
5311052
5321219
5343040
5343055
5343069
-------
5400190
5402017
5403027
5510150
5510336
5510400
5601352
5602158
5608480
5700162
5700218
5700245
5700268
5700505
5703097
5912037
5912044
5912066
5912068
5930015
5930140
6020012
6020053
6030173
6030192
6030198
6030205
